On level 64 of the search tree
Using feature(s) {1,2,3,4,5,6,7,8,9,10,11,12,13,14,15,16,17,18,19,20,21,22,23,24,25,26,27,28,29,30,31,32,33,34,35,36,37,38,39,40,41,42,43,44,45,46,47,48,49,50,51,52,53,54,55,56,57,58,59,60,61,62,63,64} accuracy is 68.1%
On level 63 of the search tree
Feature set {1,2,3,4,5,6,7,8,9,10,11,12,13,14,15,16,17,18,19,20,21,22,23,25,26,27,28,29,30,31,32,33,34,35,36,37,38,39,40,41,42,43,44,45,46,47,48,49,50,51,52,53,54,55,56,57,58,59,60,61,62,63,64} was best, accuracy is 68.9%
On level 62 of the search tree
Feature set {1,2,3,4,5,6,7,8,9,10,11,12,13,14,15,16,17,18,19,20,21,22,23,25,26,27,28,29,30,31,32,33,34,35,36,37,38,39,40,41,42,43,44,45,46,47,49,50,51,52,53,54,55,56,57,58,59,60,61,62,63,64} was best, accuracy is 69.5333%
On level 61 of the search tree
Feature set {1,2,3,4,5,6,7,8,9,10,11,12,13,14,15,16,17,18,19,20,21,22,23,25,26,27,28,29,30,31,32,33,34,35,36,37,38,39,40,41,42,43,44,45,46,47,49,50,51,52,53,54,55,57,58,59,60,61,62,63,64} was best, accuracy is 69.8667%
On level 60 of the search tree
Feature set {1,2,3,4,5,6,7,8,9,10,11,12,13,14,15,16,17,18,19,20,21,22,23,25,26,27,28,29,30,31,32,33,34,35,36,37,38,39,40,41,42,43,44,45,46,47,49,50,51,52,53,54,55,57,58,59,60,61,62,64} was best, accuracy is 70.6667%
On level 59 of the search tree
Feature set {1,2,3,4,5,6,7,8,9,10,11,12,13,14,15,16,17,18,19,20,21,22,23,25,26,27,28,29,30,31,32,33,34,35,36,37,38,39,40,41,42,43,44,45,46,47,49,51,52,53,54,55,57,58,59,60,61,62,64} was best, accuracy is 70.8333%
On level 58 of the search tree
Feature set {1,2,3,4,5,6,7,8,10,11,12,13,14,15,16,17,18,19,20,21,22,23,25,26,27,28,29,30,31,32,33,34,35,36,37,38,39,40,41,42,43,44,45,46,47,49,51,52,53,54,55,57,58,59,60,61,62,64} was best, accuracy is 70.8%
On level 57 of the search tree
Feature set {1,2,3,4,5,6,7,8,10,11,12,13,14,15,16,17,18,19,20,21,22,23,25,26,27,28,29,30,31,32,33,34,35,36,37,38,39,40,41,42,43,44,45,46,47,49,51,52,53,54,55,58,59,60,61,62,64} was best, accuracy is 71%
On level 56 of the search tree
Feature set {1,2,3,4,5,6,7,8,10,11,12,13,14,15,16,17,18,19,20,21,22,23,25,26,27,28,29,30,31,32,33,34,35,36,37,38,39,40,41,42,43,44,45,46,47,49,51,52,54,55,58,59,60,61,62,64} was best, accuracy is 71.2667%
On level 55 of the search tree
Feature set {1,2,3,4,5,6,7,8,10,11,12,13,14,15,16,17,18,19,20,21,22,23,25,26,27,28,29,30,31,32,33,34,35,36,37,38,39,40,41,43,44,45,46,47,49,51,52,54,55,58,59,60,61,62,64} was best, accuracy is 71.8333%
On level 54 of the search tree
Feature set {1,2,3,5,6,7,8,10,11,12,13,14,15,16,17,18,19,20,21,22,23,25,26,27,28,29,30,31,32,33,34,35,36,37,38,39,40,41,43,44,45,46,47,49,51,52,54,55,58,59,60,61,62,64} was best, accuracy is 72.1%
On level 53 of the search tree
Feature set {1,2,5,6,7,8,10,11,12,13,14,15,16,17,18,19,20,21,22,23,25,26,27,28,29,30,31,32,33,34,35,36,37,38,39,40,41,43,44,45,46,47,49,51,52,54,55,58,59,60,61,62,64} was best, accuracy is 72.6%
On level 52 of the search tree
Feature set {1,2,5,6,7,8,10,11,12,13,14,15,16,17,18,19,20,21,22,23,25,26,27,28,29,30,31,32,33,34,35,36,37,39,40,41,43,44,45,46,47,49,51,52,54,55,58,59,60,61,62,64} was best, accuracy is 72.6667%
On level 51 of the search tree
Feature set {1,2,5,6,7,8,10,11,12,13,14,15,16,17,18,19,20,21,22,23,25,26,27,28,29,30,31,32,33,34,35,36,37,39,40,41,43,45,46,47,49,51,52,54,55,58,59,60,61,62,64} was best, accuracy is 72.7333%
On level 50 of the search tree
Feature set {1,2,5,6,7,8,10,11,12,13,14,15,16,17,18,19,20,21,22,23,25,26,27,29,30,31,32,33,34,35,36,37,39,40,41,43,45,46,47,49,51,52,54,55,58,59,60,61,62,64} was best, accuracy is 73.2%
On level 49 of the search tree
Feature set {1,2,5,6,7,8,10,11,12,13,14,15,16,17,18,19,20,21,22,23,25,26,27,29,30,31,32,33,34,35,36,39,40,41,43,45,46,47,49,51,52,54,55,58,59,60,61,62,64} was best, accuracy is 73.1667%
On level 48 of the search tree
Feature set {1,2,5,6,7,8,10,11,12,13,14,15,16,17,18,19,20,21,22,25,26,27,29,30,31,32,33,34,35,36,39,40,41,43,45,46,47,49,51,52,54,55,58,59,60,61,62,64} was best, accuracy is 73.1333%
On level 47 of the search tree
Feature set {1,2,5,6,7,8,10,11,12,13,14,15,16,17,18,19,20,21,22,25,26,27,29,30,31,32,34,35,36,39,40,41,43,45,46,47,49,51,52,54,55,58,59,60,61,62,64} was best, accuracy is 72.7667%
On level 46 of the search tree
Feature set {2,5,6,7,8,10,11,12,13,14,15,16,17,18,19,20,21,22,25,26,27,29,30,31,32,34,35,36,39,40,41,43,45,46,47,49,51,52,54,55,58,59,60,61,62,64} was best, accuracy is 72.6%
On level 45 of the search tree
Feature set {2,5,6,7,8,10,11,12,13,14,15,16,17,18,19,20,21,22,26,27,29,30,31,32,34,35,36,39,40,41,43,45,46,47,49,51,52,54,55,58,59,60,61,62,64} was best, accuracy is 72.6667%
On level 44 of the search tree
Feature set {2,5,6,7,8,10,11,12,13,14,15,16,18,19,20,21,22,26,27,29,30,31,32,34,35,36,39,40,41,43,45,46,47,49,51,52,54,55,58,59,60,61,62,64} was best, accuracy is 72.9667%
On level 43 of the search tree
Feature set {2,5,6,8,10,11,12,13,14,15,16,18,19,20,21,22,26,27,29,30,31,32,34,35,36,39,40,41,43,45,46,47,49,51,52,54,55,58,59,60,61,62,64} was best, accuracy is 73.0333%
On level 42 of the search tree
Feature set {2,5,6,8,10,11,12,13,14,15,16,18,19,20,21,22,26,27,29,30,31,32,34,35,36,39,40,41,43,45,46,47,51,52,54,55,58,59,60,61,62,64} was best, accuracy is 73.3667%
On level 41 of the search tree
Feature set {2,5,6,8,11,12,13,14,15,16,18,19,20,21,22,26,27,29,30,31,32,34,35,36,39,40,41,43,45,46,47,51,52,54,55,58,59,60,61,62,64} was best, accuracy is 73.3333%
On level 40 of the search tree
Feature set {2,5,6,8,11,12,13,14,15,16,18,19,20,21,22,26,27,29,30,31,34,35,36,39,40,41,43,45,46,47,51,52,54,55,58,59,60,61,62,64} was best, accuracy is 73.5%
On level 39 of the search tree
Feature set {2,5,6,8,11,12,13,14,15,16,18,19,20,21,22,26,27,29,30,31,34,35,36,39,40,41,43,45,46,47,51,52,54,55,58,59,60,61,62} was best, accuracy is 73.9667%
On level 38 of the search tree
Feature set {2,5,8,11,12,13,14,15,16,18,19,20,21,22,26,27,29,30,31,34,35,36,39,40,41,43,45,46,47,51,52,54,55,58,59,60,61,62} was best, accuracy is 73.9667%
On level 37 of the search tree
Feature set {2,5,11,12,13,14,15,16,18,19,20,21,22,26,27,29,30,31,34,35,36,39,40,41,43,45,46,47,51,52,54,55,58,59,60,61,62} was best, accuracy is 73.8333%
On level 36 of the search tree
Feature set {2,5,11,12,13,14,15,16,18,19,20,21,22,26,27,29,30,31,34,35,36,39,40,43,45,46,47,51,52,54,55,58,59,60,61,62} was best, accuracy is 73.7333%
On level 35 of the search tree
Feature set {2,5,11,12,13,14,15,16,18,19,20,21,22,26,27,29,30,31,34,35,36,39,40,43,45,46,47,51,52,55,58,59,60,61,62} was best, accuracy is 73.7333%
On level 34 of the search tree
Feature set {2,5,11,12,13,14,15,16,18,19,20,21,22,26,27,29,30,31,34,35,36,39,43,45,46,47,51,52,55,58,59,60,61,62} was best, accuracy is 73.7%
On level 33 of the search tree
